58 -92 -8 151 -27 100 -54 102 45 -127 0 -46 32 -17 99 -10 -94 78 37 46 -119 152 19 63 
-14 39 3 -36 -150 133 -28 96 9 -24 36 34 40 -142 -88 -42 100 -87 -31 4 
20 -139 87 31 -109 84 -97 -25 -84 95 -129 102 31 -95 4 139 
-131 16 -44 99 -30 -42 -63 134 -140 92 82 153 -18 -120 -139 62 151 -58 8 -132 138 -42 92 72 29 -74 
24 -59 16 69 114 99 -70 120 -137 -77 50 -136 9 -143 -145 105 -2 -94 -42 20 76 
29 150 -10 13 -98 79 37 30 -44 -47 112 46 -65 -89 -15 151 -118 -12 0 -12 
-103 19 87 130 32 107 -65 -67 134 -150 0 -141 -152 6 -34 150 131 
86 -29 135 142 -114 111 145 -3 34 -95 -42 -71 11 -128 8 -141 118 56 -34 -107 103 -136 -25 -36 -65 67 11 107 77 -34 
27 68 30 -3 -3 150 88 107 -121 -136 25 -14 13 66 72 20 
-17 131 139 145 -151 111 -11 28 -96 133 152 132 -32 -31 131 98 -85 28 146 -93 96 120 132 
